13
d
o
u
b
l
e
c
h
a
r
i
n
t
18
start
d
do
dou
doub
doubl
double
b
bo
boo
bool
c
ch
cha
char
i
in
int
1
Not_a_type
1	0	0	7	0	0	11	0	0	0	15	0	0	0
-1	2	-1	-1	-1	-1	-1	-1	-1	-1	-1	-1	-1	-1
-1	-1	3	-1	-1	-1	-1	-1	-1	-1	-1	-1	-1	-1
-1	-1	-1	4	-1	-1	-1	-1	-1	-1	-1	-1	-1	-1
-1	-1	-1	-1	5	-1	-1	-1	-1	-1	-1	-1	-1	-1
-1	-1	-1	-1	-1	6	-1	-1	-1	-1	-1	-1	-1	-1
-1	-1	-1	-1	-1	-1	-1	-1	-1	-1	-1	-1	-1	0
-1	8	-1	-1	-1	-1	-1	-1	-1	-1	-1	-1	-1	-1
-1	9	-1	-1	-1	-1	-1	-1	-1	-1	-1	-1	-1	-1
-1	-1	-1	-1	10	-1	-1	-1	-1	-1	-1	-1	-1	-1
-1	-1	-1	-1	-1	-1	-1	-1	-1	-1	-1	-1	-1	0
-1	-1	-1	-1	-1	-1	-1	12	-1	-1	-1	-1	-1	-1
-1	-1	-1	-1	-1	-1	-1	-1	13	-1	-1	-1	-1	-1
-1	-1	-1	-1	-1	-1	-1	-1	-1	14	-1	-1	-1	-1
-1	-1	-1	-1	-1	-1	-1	-1	-1	-1	-1	-1	-1	0
-1	-1	-1	-1	-1	-1	-1	-1	-1	-1	-1	16	-1	-1
-1	-1	-1	-1	-1	-1	-1	-1	-1	-1	-1	-1	17	-1
-1	-1	-1	-1	-1	-1	-1	-1	-1	-1	-1	-1	-1	0